2 0.495398 0.586256 0.924389 0.332442 0.00760424
11 0.497206 0.586422 0.928976 0.340122 0.00229096
2 0.348114 0.583176 0.594383 0.334246 0.00200749
7 0.474603 0.587885 0.859233 0.331166 0.00196603
8 0.497835 0.589338 0.91477 0.343743 0.00149098
2 0.496846 0.532966 0.924306 0.475244 0.00146123
2 0.70713 0.584798 0.496424 0.332453 0.00144637
2 0.512842 0.677844 0.932328 0.642465 0.00144324
4 0.520658 0.585245 0.958683 0.33066 0.00137962
1 0.528236 0.544413 0.867468 0.470503 0.00134786
1 0.691197 0.590911 0.516516 0.344112 0.00134678
8 0.479777 0.553444 0.959553 0.515391 0.00131657
11 0.698203 0.583345 0.511258 0.338443 0.00131178
5 0.613299 0.523845 0.68259 0.518823 0.00130848
1 0.518734 0.62228 0.929148 0.417122 0.00130478
2 0.241853 0.587663 0.39562 0.331851 0.00130219
2 0.615095 0.575448 0.679932 0.38697 0.00129836
7 0.513646 0.768056 0.966245 0.463887 0.00125436
7 0.500152 0.629301 0.999695 0.461325 0.00123986
2 0.303262 0.946292 0.606524 0.107416 0.00122311
0 0.430931 0.587053 0.769728 0.333534 0.0012229
0 0.520617 0.705574 0.93749 0.587025 0.00121952
2 0.544407 0.6319 0.805014 0.451844 0.00121216
8 0.648582 0.520898 0.636277 0.527065 0.00120847
4 0.277629 0.948662 0.54847 0.102677 0.00120292
8 0.332202 0.944751 0.642036 0.110497 0.00119644
8 0.530124 0.739776 0.939751 0.51962 0.00118743
1 0.439287 0.574644 0.754596 0.346551 0.00118576
2 0.428882 0.669915 0.855749 0.402126 0.00118342
8 0.320648 0.563222 0.641296 0.31293 0.00118052
7 0.411348 0.865723 0.787647 0.268555 0.00118017
2 0.566163 0.742392 0.753918 0.493342 0.00117767
2 0.393042 0.936797 0.493366 0.126407 0.00117482
8 0.315418 0.891084 0.618267 0.217509 0.00117428
8 0.538411 0.503913 0.874867 0.55315 0.00117014
4 0.475302 0.478399 0.821126 0.569735 0.00116578
2 0.731614 0.587822 0.53007 0.453428 0.00116486
4 0.332745 0.906524 0.638038 0.18675 0.00116064
4 0.578132 0.803706 0.800489 0.392589 0.00115497
4 0.547009 0.712521 0.899963 0.574958 0.00115407
4 0.854457 0.904943 0.291086 0.190113 0.00115218
8 0.7361 0.56553 0.527799 0.502816 0.00115128
1 0.380902 0.956097 0.761804 0.0878068 0.00114986
10 0.668679 0.490974 0.597705 0.551264 0.00114662
2 0.43622 0.85591 0.658337 0.215954 0.00114295
5 0.410155 0.954104 0.82031 0.091792 0.00114201
3 0.441944 0.55599 0.789709 0.276199 0.00114173
0 0.424233 0.885618 0.848467 0.228763 0.00113933
4 0.66544 0.502825 0.584677 0.53183 0.00113834
4 0.6396 0.843179 0.720801 0.313642 0.0011381
4 0.915152 0.911734 0.169696 0.176532 0.00113534
8 0.417823 0.897567 0.608648 0.204583 0.00113404
8 0.139856 0.0516534 0.279712 0.103307 0.00113394
0 0.846352 0.475574 0.307297 0.379607 0.00113176
4 0.757916 0.280252 0.484169 0.538279 0.00113005
2 0.391121 0.75514 0.782242 0.22361 0.00112802
8 0.441022 0.0656017 0.639575 0.131203 0.00112793
8 0.586047 0.129719 0.571064 0.259439 0.00112669
8 0.535591 0.0597997 0.643563 0.119599 0.00112661
2 0.364969 0.843317 0.647769 0.18383 0.00112659
8 0.60315 0.0681441 0.694168 0.136288 0.00112611
8 0.1779 0.0512337 0.3558 0.102467 0.00112589
4 0.696274 0.731643 0.607451 0.48881 0.00112558
8 0.819101 0.0785922 0.361799 0.157184 0.00112471
4 0.915756 0.87729 0.168488 0.24542 0.0011242
4 0.865077 0.832019 0.269845 0.335962 0.00112267
4 0.384672 0.8558 0.769344 0.224538 0.00112239
8 0.739919 0.406219 0.520163 0.559868 0.0011211
8 0.46963 0.131928 0.613691 0.263856 0.00112087
4 0.351873 0.541963 0.703746 0.269777 0.00112077
2 0.56126 0.865716 0.683041 0.267964 0.00112019
9 0.120612 0.252814 0.241224 0.227373 0.00111861
0 0.35443 0.847837 0.697248 0.200771 0.00111816
4 0.68262 0.366559 0.621334 0.67959 0.00111802
4 0.670605 0.0766971 0.65879 0.153394 0.00111781
0 0.868686 0.34002 0.262628 0.481619 0.00111574
8 0.372467 0.128723 0.527327 0.257446 0.00111565
8 0.868545 0.138756 0.262909 0.277513 0.00111559
9 0.218876 0.147078 0.437753 0.268121 0.00111465
4 0.887074 0.252334 0.225852 0.400419 0.00111461
9 0.354237 0.865545 0.708474 0.256776 0.00111393
9 0.320909 0.131944 0.529036 0.263889 0.00111293
8 0.711239 0.0814537 0.577522 0.162907 0.0011118
0 0.884468 0.412406 0.231064 0.400202 0.00111154
8 0.275326 0.0590009 0.47022 0.118002 0.0011112
8 0.350182 0.0707631 0.565798 0.141526 0.00111081
4 0.691401 0.630573 0.617198 0.402834 0.00111076
8 0.905283 0.13557 0.189434 0.257549 0.00111048
9 0.227696 0.316047 0.455392 0.348263 0.00110905
9 0.23849 0.219425 0.475407 0.271538 0.00110868
4 0.184655 0.0827003 0.369311 0.165401 0.00110854
9 0.855386 0.16046 0.289228 0.320919 0.00110746
9 0.694925 0.164758 0.61015 0.329515 0.00110741
4 0.376156 0.392406 0.752312 0.430674 0.0011074
4 0.901747 0.16268 0.196506 0.287446 0.00110695
8 0.272555 0.62618 0.545109 0.270566 0.00110609
9 0.765696 0.337306 0.468607 0.590967 0.00110579
9 0.31535 0.371523 0.6307 0.408604 0.00110572
0 0.862544 0.0787726 0.274912 0.157545 0.00110569
4 0.560015 0.111957 0.583986 0.223914 0.00110554
4 0.653932 0.132468 0.653164 0.264936 0.00110467
4 0.131657 0.0809077 0.263313 0.161815 0.00110321
9 0.45762 0.134261 0.610058 0.268522 0.00110211
4 0.719185 0.144084 0.561631 0.288167 0.00110181
4 0.553115 0.413502 0.621076 0.472085 0.00110165
4 0.341742 0.114365 0.464818 0.22873 0.00110003
9 0.442906 0.354509 0.683011 0.391868 0.00109965
9 0.672237 0.222272 0.655527 0.444544 0.00109795
8 0.840969 0.192744 0.318061 0.381247 0.00109769
4 0.183944 0.184369 0.367887 0.231161 0.00109742
9 0.628939 0.146547 0.603843 0.280188 0.00109655
3 0.274161 0.10593 0.439023 0.211861 0.00109648
4 0.105009 0.258864 0.210018 0.226667 0.00109579
9 0.680242 0.386429 0.639516 0.68887 0.001095
4 0.13088 0.282021 0.26176 0.269847 0.0010946
4 0.385071 0.475824 0.770143 0.455044 0.00109387
4 0.673657 0.266375 0.652686 0.526165 0.00109343
9 0.229098 0.265035 0.458196 0.251689 0.00109251
9 0.37245 0.312051 0.67149 0.363207 0.00109135
9 0.73975 0.121742 0.5205 0.243483 0.0010904
4 0.115466 0.186438 0.230932 0.232636 0.00109019
4 0.388405 0.775566 0.77681 0.303179 0.00109008
4 0.587002 0.264153 0.587743 0.353877 0.00108753
8 0.237739 0.779028 0.475477 0.322287 0.00108751
8 0.271363 0.847632 0.542726 0.304737 0.00108696
4 0.282269 0.368513 0.564537 0.397705 0.0010867
4 0.405552 0.509291 0.811103 0.272717 0.00108517
4 0.149875 0.123344 0.299751 0.246688 0.00108049
9 0.367639 0.19601 0.664917 0.368431 0.00107831
9 0.488575 0.225157 0.654318 0.398965 0.00107025
